






















3822


537 4074
4075 4176


2693
4020 4091
560 596 627 629 677 828 1018 1928 2420 2908 4020 4091
544 555 560 596 627 675 677 1018 1120 1243 1491 1761 1925 2113 2416 2420 2535 2538 4015 4018 4019 4183 4294 4296 4437 4439 4599 4601 4769 4773
544 549 551 552 555 570 584 675 677 745 913 1015 1016 1120 1243 1491 1622 1623 1761 1764 1925 1926 2109 2113 2416 2419 2689 2905 2907 3089 3093 4015 4018 4019 4086 4090 4091 4184 4185 4296 4438 4439 4601 4602 4769 4773
552 1926 2111 2689 2905 3089 3091 4016 4019 4090 4184
604 4438
604 1365 2535 4600
666 2906 4600
917 2906 4017 4184
1491
1489 2688 2905
551 555 748 1242 1362 1489 1490 1761 2111 2112 2418 2534 2905 4017 4087 4182 4436 4437 4599 4771
748 913 1243 1490 1621 1762 2418 2689 2905 3091 4089 4182 4599 4771
550 554 617 618 746 913 1362 1621 1762 1925 2111 2418 2419 2535 2689 2905 3091 4089 4436 4600 4771
550 554 555 573 617 619 620 676 748 825 1014 1120 1244 1361 1363 1623 1760 1762 1926 2111 2112 2417 2418 2419 2535 2537 2689 2903 2905 3089 3091 4016 4023 4089 4182 4184 4295 4436 4437 4600
543 549 552 563 572 582 586 590 620 676 739 748 825 827 914 1120 1121 1243 1244 1359 1361 1363 1487 1621 1623 1760 1761 1762 1926 2111 2112 2418 2419 2535 2537 2689 2905 3090 3091 4017 4087 4089 4182 4185 4294 4436 4437 4600 4772
552 620 748 825 827 1008 1120 1361 1487 1488 1620 1623 1760 1761 1924 2111 2112 2903 2904 3090 4089 4184 4294 4295 4436 4772
552 1760 2112 3090 4089 4436 4770
553 679 1246 1363 1492 1764 2112 2537 2692 2907 3091 4018 4088 4091 4298 4438 4771 4773
553 620 679 1015 1017 1363 1492 2112 2418 2537 2907 3091 4017 4438 4771 4773
550 1621 2418 3091 4018 4183
673 2905 4018 4183 4601
323 2905




1120 1762 2905 3093 4019
673 912 1762 2905 4019

2266








125 226 715 957 1405 1567 1747 2098 2132 2152 2799 3079 3145 3881 4116
1010 1298 1310 1334 1396 1399 1556 1790 1979 2119 2315 2716 2790 3127 4097 4281 4700









2691
2420



2420 4296 4438






614 1017 2688 4181 4598 4599
553 2417 4435





1926
617 1925 4181 4293 4436
2906
1763 2690
1246

553 4296

1763 1878 2419 3092
4086 4769












1244 1926 2535 3092 4019
1013 1016

3433








646 689 851 1357 1691 2092 2237 2476 2509 2613 2615 2677 2901 3037 3087 3184 3368 3657 4054 4127 4286 4408 4458 4707
35 222 440 464 727 728 794 1028 1306 1498 1809 1829 1845 2799 3453 4375 4488 4511 4716













615
2109 2534 2904
1363 4437





549 2418 3090 4087 4599
2534
692
551
3433 4182
2687 4771


1361

1764
4296
1100 3878
3091 4185
1492 1624 4018
1920 2901 4290
4987
2533
4599

2109

552 4018

































3680
2417 4442






4436 4771
1244 1363 2418 3091 3096 4092
667 4599 4770
1017 4018
552 2687 2691 2907
2903 4087
549





1624 1764 2691
1927 2416 4017
1764 4602

582 590 675 686 745 823 1243 1362 1924 2417 2532 2535 2689 2905 4086 4182 4295 4437
590 597 676 677 826 912 1243 1620 1621 1761 2110 2112 4292 4294 4436 4599
2110

628
675 2533 2905
2418 3091








3044

















2655
2656





247 2417
4306
4183

551 614 4440

2112



1245


1360
543
908




4597
550 556 557 4598
4435
2687 3096 4770 4771
576 578 749 1013 4088 4293 4294
4181 4295


569 670 673 2111 3089 4436
1013 4182 4183 4771
1014 1120 1622 2905 2906
556 2418


4018


4020

4792

323











4559








4599





584

2111






675 2901 2904 4016 4087
4017

4014


4020
555 4768
917 1118 2687
1245 4090
3091 4015 4296 4771
555 1122 1762 2690


581 747 913 1920 2534 4022 4296
610 1361 2108 4596 4770
915

2691
2655






1122














4988






4293






552 1123 4437



2695
554



599 676 1487 2689 4598


1117 1922 4084
665
1920
745 816
615 915 2417 3089 4016 4086
1760
4023 4088
2907
2538 4771



1926
555 3089 4769 4770




323
554 4017
620
553 2112
577 926 4600




























323
543 549 583 675 808 1245 1624 1762 1924 2110 2907
743

2417 3090
2655



2904
1243
1489


2684




2689 4596
675 823 1013
751
3091 4770
3090 4438




553




4295
824 1362 1486 1623 1926 3091 4601
1491 2905








700




















1100 2417
2111 4437

2418 2896


550

678 748 2110

322 4437

2901 4015 4016
2685
4596
1359
4596

544 553 554 748 1361 3089 4435 4599
601 689 1014 1621 1923 3094
4019 4185
912
4437 4768

4085
1480 4171
1352 3083 4769



4020 4771
1490 4773


4087
1246 1491 2904
2110
4988





















2686
583 625 676 824 1120 1361 1489 1622 1925 2415 2417 2535 2904 3087 4014
688 912 1620 2688 4211

1100


4600

1486

625 1015 1120 1361 1621 2109 2111 2536 4087 4182 4295 4600 4769
551 2536 4086 4088 4295
1926 4181
549 615 747 910 2534 2909 4293
1761 2690 3090 4089 4770
4183
625 675 907 1238 2111 4600
905 1014 1357 1921 4596
552
2109 2533 4434
750 1364 4021

542 551 568 676 677 4598
1241 1763

913 2906 4089


1119 1242 1488 1490 1762 2111 3089 4596
674 1017 1756 1923 3088 4183 4283
2416




675 1016 1244 2905 3091 4018 4435
582

579

2537
















4988




3044


549 1761 4017 4293
3090 4598



613 624
1759
590
674 1239 2686 2902 4022 4086
826 1357 1922


563 4436 4598


2534 4016 4083
554 917 1120 1241 1618 1762 1925 2685 4022
1239 1923
558 559 1109 1119 2907 4085 4180 4768 4769
613 911 1620 2108 2689 2908
544 562 623 744 829 1365 2906 3084 4290 4764
567 676 678 741 825 826 915 1925 2536 4087 4088 4183
677 748 1762
826 1015 1018 1763 2907 4297 4438 4602 4603
2690 2691 2692 4438
548 1758 4018
1924 4435
638 747 825 1237 2533 4182 4294 4768


555 1121
4292

2418
552 575 752 908 915 1759 2532 4019 4601
538 553 554 2418
579 616 676 829 914 915 1240 2534 2535 2536 4599
563 572 577 677 4022 4087 4093 4295
915


















4016

615 1360


1013 2109

1620
552 675


667 1241 2108 2686 3088 3090 4016
615 2685 4293
1489 2535
601 4014
4292



1118 1359 1621 1759
568 2421 4290


823 1920 1926 2415
544 667 676 4769
1764
676 678 2417
3091 4014 4015 4017 4435
1622 2689 4178
2969
4600
666 667 1487 1920 2418 4017 4021 4771
746 1246 1359 1762 2109 4184 4601
1362 2415
1757

2688

552 1116 1239 1618 1921 2415 3088 4015 4180

1010
547 563 569 677 732 896 1001 1094 1111 1118 1231 1344 1473 1484 1611 1617 1753 1915 2107 2410 2683 3086 4176 4276 4429 4767
631 3089 3090
573 617 844 2109 4093
611 1035 1359 1487 1922 3087
1242 1243 3090
4087




4210









2418






2416 4435
552 3088

590


1489
2417


612



565 1488
550 552 569 625 636 674 823 2534 2687 2903 4014 4598
819 1012 3089


545 1915 2901 4019
1624 4084 4178 4596
744
1926
4017 4018 4770
1492 3089 4772
1364 1490 1618 2419 2690 4018 4182 4185
552 1492 1759 3093 4087 4090
545 745 1016 2111 2904 4437
556 913 1006 1623 1925 4433
822






581 1241 2902 4087 4292 4769
554 570 571 581 629 674 1359 1488 1760 2110 2416 2417 2903 3089 4015 4182 4293 4436
619 2688

909
1488 4017 4771
2418


1489










1925




568 1243 3090



1119
555
562 1490 2110 2904 3090 4015
4181 4293

3089



1921 4086 4181
3089 4017 4180


551 556 561 599 613 818 1013 1758 1920 2686 4434
560 601 602 612 622 913 1240 1242 1359 1489 1620 1761 1923 3088 3089 4015 4293
900 1487 1615 2107 2535

1010 4083




555 680 4771
1246
4014 4296 4770
563 677 1243 2418 2689 4597 4767
678 1922 4180 4598
1232
2690
1114
750 1364



1011
1759 1921
571 734 824 912 1011 1116
4086 4087

916 1244 2418
1017 4438
2418 4772
4600















577 2105 2413 4089 4296



2418 4770
4294
1360 2532 4182
547 573 583 602 625 821 1011 1118 1922 2414 2901 3088 4293
563 1119 1761 2688 3089 4086
742 911 2534 4597
553 671 4595

3088




916
589
1614
2532 4084
542 549 4175 4286 4289 4594
665

4083


4013
4433
1922
546 1015 2415 4180
547 826 909 1244 1487 2686 3089
1238 2537
4767
552 731 2108 3087 4596
665 743 3090 4014




4014
1358 1486 2531
2536
1762

1363

678 755 1242 1760 1923 2415 2533 2906 4184 4437 4438
746 1489 1613 4601










4595
333 585 733 1131
327 1497 1504 1517 4612

1925 4294 4296 4435

913 1360 3089 4016 4435



2106

823 1488 4770
1760

4085

4435
549 551 555 561 602 745 824 1012 1360 1488 2109 2415 2535 2687 4015 4293 4767




4177 4595

543 3086 3821
565 1487 1922 4291
2413 2424
545 1486 4013


549 558 1007 4432




740 4084 4085 4432 4770
2900 4768
1358
1012 1240 2415 4179 4431 4766
551 1358 2898 2901
2685
588
1758 4013



2418 4600
2417
3089
1243
616 1761 2689
4293
552 574 1116 4017


4988








1121 1140 1518
1122









1620


4602

3088
600 1353 1920
2414 2686 4013 4176



549 557 4770
2905
4770

4016
4436
542

1238 1757 4595

4600
665 1356 1755 2414 4018 4083
544 675 1116 2899
663 1485 1921 2107 2532 2684 4013 4178
4289
742
550 2105
1614 2526

578 2105 2109 4172 4293 4594 4597
550 1239 2414 3086 4433 4593 4596 4773
538 4017 4019
678 3088 4184



1924 2688
4017 4436
548 1619 4597
571 574 744 1011 1921
747 3090 4087 4770














547 627 628 685 755 1010 1013 1239 1358 1618 1757 4083 4433
567 607 628 835 1923 3087





746 1119 3090 4598
1014 1241
552
613 911 1759 2903 3088 4434 4598 4602



2682
1757
544 1618 4178
602 2527
549 1013
543 545 4288
558 2416 4015 4768
595 4085
558




1116 4290

554 4289
821 2897 4013
1116 4017 4437 4767
2541 4433 4596
1485

2110 4772
4598
1013 4293
546 551 552 616 674 911 1015 1118 1760 1923 2411 2413 2898 4019 4085 4086 4181
567 1240 2533 4178
821 2689 4593
4297
1244
1121
4288
1490 1619 2416 4599

746 823 1618 1921 1922 2109 2533
912 1759 2903 4293
919














746 1013
585 1618


576 4184




548 4767
911 1241 1360 2108
2685
2417
1014


1760 3085 4290
550 911 1759 4018
735 1358 2901


4084


4083
621
2414 4013 4767


2528
1235 2685
1359 1486 2900
745
547 2689
556 1016 1488 2688 4294
1361 1363 1489 2688 4016 4089 4600
565 748 1122 1362 1626 3090
559 751 2111 2904 2907
745 1924
4181
1623
133 1693 2414 3437 3804 4311 4990
2013 3624 3805 4308 4539 4989
1363 1763 2530 2900 4296 4433
1490

2110 4015 4769
1354 2415














608




568 615 1252 1487 1619
606 1921
2901 3088


573
541 1010 2104 4288
616 1241 1760 4182
1921 2107 4433 4595
3090

1485

4179


1922 4596




548 908 3085 4011 4081 4290
589 600 1114 1236 2106 2413 2530 2533 4178 4179 4430 4432 4594 4765
578 1114 1756 4288
549 2413 2685 2898 4010
1354 4988

541

2267
4437
1621 1622 1926 4296
565 1622 1623 1763
559 2907 4297 4437
557 827 1017 2537 3088 4436 4439
673 755 1360 1764 1925 1926 2536 3092
547 551 558 559 561 1928 2114 2414 2419 2684 4020 4089 4295 4437 4771 4774
825
214 1277 1391 1878 2110 2279 3805 4539 4565 4624 4769
562 569 687 3711 4259 4454 4990
829 2419


565 575 746 825 1759 2686 4086
3089

614






544
3083

686
2414 4292 4763 4766
545 553 574 606 745 1008 1238 1357
4593


545
565 1118 1620 4176
556 614 910 4187 4294
552 627 629 912 1119 2421





2417



736 1013 1115 1238 1241 1357 1757 2684 2900 4083
1118 1876 1921 2902 4293 4597
4589
622
1619 4084



3086

2683 4012
908 2532 2898 3090 4012 4083 4084
664 1008 1922 2530 2683 4179
740 2410
550 4180

1760 4765
1921 2684 2902 4595
1357
1484
827
559
676 1013 1616 2533 2684
618 676 686 756 921 1488 2417
537 747 914 915 1361 2904 3087 4181 4183 4184 4598
547 557 564 679 1120 1246 1363 1490 1763 2112 2118 2688 2689 3093 4014 4015 4018 4090 4182 4185 4599 4602
560 826 915 1364 2113 2415 2416 2528 4436

4296
581 628 675 1358 1486 1757 1758 1921 2108 2531 4014 4180 4434 4596 4601

746 1241 2530
561 1487 3089 4016 4017


564 675 820 829 1243 1488 1489 2687 2902 3085 3087 4015 4294 4598

2416 4014




1621 2105 4084
1346 4431
607
584 607 1495 1749 2532 4432 4765
1614 4766
1113 2106 2901 4433

629 1759
3089
550 586
2684 4293 4765
3087

2684

612 2684 2900 4432

1918
1012



824 1760 4086





549 4179
554 1758


2414
4764
673 1485 1757 1921 2531 2900
543 664
4433 4597


548 1240 3085 4175
1618
554
545 2537

619 2107 2108 2413 4178
551 563 1014 4086 4284
826 912 1620 1761 1924 2688
916 1245 1246 1490 1622 1623 4184
553 672 1122 2538 3087 4091 4438
554 711 2686 4020 4180 4770
612
555 558 1014 1240

4018
1242 4180
559
2529 4081
563 1361 1923 2110 2414 2534 4085 4178 4435 4766 4768 4988







546 2537
550 565 597 910 913 2531 2679 2684 2895 2900 3084 4085 4179 4432 4592
567 577 675 825 836 911 1371 1618 2103 4082 4766
928 1013 1025 4093

607

2685

573 1238 2414 4013 4433 4764
1355 1358 1486 2534 4596
1922

4014
4292
622

2727



612 2414

822
1115
549 673 2412


1758 2107 2900 4764
4010
4763

906
548 753 1357 1358 1758
552 1239 1618 2109
613


544 826 2901
557
550 2900
4599
1244 1924 2900 4439
546 4173
554 1121 1489
611 1243 1244 1361 2537 4019
828 2415 2538 2689 2905
746 4016 4599 4600
553 1118 1122 1759 3089 4018 4434
556 1619 4015

4013 4019
1118 3089 4769

3087
1001 1919 2107 2414 4014 4084 4769
570 1238





577 617 4291
606 1114 1353 4012
1757 3086 4290
627 674 1113 1118 1923
576
746 912 1011 4083
552 1357 3086
565


747
911
1238
821 4084
1922
551 1921 2534
550

4427




2900 4012

2683 4430 4988




4011
1918 1923 2411 4425
910
547
2683 4596 4767
1618 4598
752 2415
545 4013
543 908
743 1240 1617


2108 4178 4433 4595
1243 4018 4020
554 828 1017 2536 4767
736 916 1236 1362 1621 1753 2408 2685 2904 3087
565 1245 2418 2690 3088 4019
678 1490
555 680 4013 4017 4088
914
555 745 916 4086 4182
546 1619 4018 4080 4185
546 553

3086
551 669 1361 4084
560 582 619 668 739 821 1616 4293
571 609 621 1917 2526 2899 3086
4016





2683
1237 2415 4180




4290



4766


581
2105
910 4431 4433
550 684 1922
2687



665 4988




1110 4594




2413

543 817 1755 2529 2682 2898 4011 4013 4176 4430 4593
3086 4015 4288
1116 2533 4086 4768
1240 1358 3087

555 4763
544 551 2106 2411 4010
2899
4432
4291
3086 4013
1617
558 3088



829 3089
4019
1489 1490 4296 4597

1118
4017
4081 4293
580 1612 3084
4431
907 2111 4600




3433 3434

3086



586
1021
4594
2683
546 2899 4084 4432 4765


2102 4593
667 4012
570 823 1484 2414 4291
550 562 673 1237 2680 4168
1240 1359 1923




545 1758 2685 2900



673 2412
3821
1758
2410
1754 2409 4009
4761
552 2409
2104 2523 4069
1619 4293
1125
1242 2687



1354
533 609 1481 2109
1015 2413 4012
554 1758 2688
559
2108

4082
2107


2688 4087
1018 4014


911 4180
669 1100 3085
741 818 4081
552 740 810
537 669 1238 2686 4432



551 4595
3085 4080


823 1240 4176 4289


606 4290
563 1237 1483 1920 3086 4438 4594
626 910 4764
745 1239 2535 4019





550 2531 3821 4083
4082
736





1485

1619
1486 4178
2681 4596

2102
4591
2684
4428
544
1358 4011 4292 4596
549 552 676 746 2413 2414 2531 2686 4596 4766
550 556 2415 4084

829
1239 1361 1924 2109 2902 4014
609 827 1015 1620 3084 4294
4175
549 565 1239
2536
1010 1354 1622 2411 4011
748 1921 4018 4083 4433
748 4083 4765
550



2684 4435 4599
819
2529


1358

2682 4596
548 1113 4014 4767

566 2901


2903
667
627
574 605 1619

1486
554
1022 1615
1482 2679 4082 4085 4289 4296

2683





1918




4430







1241 1358 3085


4210
2535 3084
4010
741 1010 1117 2107 2534 4084
744 4182 4766
749 2534
2902 3088 4179
682 823 1489 1760 2106 2413
533 1923 4012
551 1007 1011 1755
542 671 4082
823 4176 4182 4599
556 675
555 674 1482 4430
4017 4084
1239



4595
1013 2529 4593
557 741 819 826 906 914 1755 1756 2105 2412 2683 3084 3085 4287 4766
1917

2684
2108

1114 2411 3088 4016 4770

546 550 566 598 1010 1238 1485 1758 2682 2684 4086
1621 2103



2682

1758 4290 4434


2531 2541


566 613 1232 1613 1911 2101 4009 4080 4287 4428 4589 4761
1756
4084 4291

684 1238 2412 2684 4595
545 4428
4762


672


2104 2409
4014

2684 4432

2534

2684

2682
568 1239 2683 4761
549 826 1614 1616 2898 4764
559 1116 2655
542 562 1358 2684
623 676 825 1242 1244 1620 1621 1760 2108 3088 4290 4291 4435 4767
551 673 751 915 916 1619
745 831 4009
748 1011 1490
1118
681 914 1919
671 1489 2411 4288
535 554 906 913 1918 2409 2897 4592
550 591 815 1012
757 1354 1917 2414 2536 4295

1485
813


1240 4014
1619 2900
1118 1482 2685 4018
1486 4292
1759 4591
549 661 810 1233 1609 2410 2896 4019 4596
913 2533 4434
2108
2415 3088

544 548 550 552 565 567 606 673 736 824 1009 1757 2102 2414 2682 2900 3085 3086 4083 4180 4430
546 608 734 1232 1918 3083 4428 4590

546
547
4014
584 1920

4434
1759 2411
745 4434


573 678 1483 1755 2103 2897
564 592 1112 1482 1615 2413 3085 4430 4592
564 1920 2899

1485 1616 2900 4428
3044
1355
2685




2527 4081 4429
624 1353 4009 4011 4593
551 1011 1116 2412 4178 4764
623 825 1240 1618 1757 1921 2106 2900 3085
550 1489 3084
1012 1114 2107
744 1009 1356 1481 1484 2410 4762
2411 2683 4289
2106
542 569 622 1481 1484 4013 4177 4289 4430 4591 4763
549 683 1356 2898 3083 4593
532 1239 1920 4082
2900
564 1118 2533 3085 4180 4291 4595
828 1012 1243 1758 2414 2415 2687 3087 4086 4179
1121 2114 2416 2535 2901 4185
547 1120 1925 2534 2535 4088
532 615 624 752 829 2539 3086 4019 4183
1762 1905 4012
915 4296
554 817
1615 4763
827 914

2410

549 669 1007 1614 1916 2411 2681 4591
739 911 1482

2411
1486

667
905
542 733 1000 1008 1345 1354 1478 2103 4086 4428
1918 2413 4435
2109 2682


544 547 552 558 567 606 736 901 1115 1757 2102 2105 2413 2680 3085 4013 4082 4180 4430 4591 4762
742 2683 2900 3087 4765
548 1615
671 677 1115 1758 1913 2104 2413 2534 2679 2684 3084 4010 4762
573 909 1006
552 4289 4763



584 4084
1356 2105
545 911 1010 1758 4433
1920 3084 4178
561


740 4011
583 821 1111 1237 1753 1920
532 2096 2406 2683

4179

4594


1238 1921

2413
546 4011
539
1757
1358 1756

1115 1485 1617 4013
552 736 822 4008 4428
683 911 2681
569 1618 2896
911 4289
2536 3821
1621 1922 2107 2109 2110 2688 2689 3086 4015 4294 4595 4596
555 557 561 563 564 566 676 681 750 751 1367 1923 2110 2409 4085 4435 4598 4599
537 550 551 565 830 1766 4292 4297 4774
826 1241 1602 1921
563 674 1227 3085 3086
1009
534
745 3085

3086
1012
813 913
659 1919 2105 2529 2896 3083 4015 4175 4289
3084


548

550 2683 2898 4428
559 564 677 827 1353 2411 4431 4766
555 821 1486 1758 1921 3084
905
1614 2527
1612 1751 2105 2412 2681

567
4082
1757 4431
550 551 558 586 614 742 821 910 1025 1125 1233 2412 3086 4429 4591 4593 4763
1107 4279




551 574 4017
547
2105

549 756 2683 4011
1352 2530
1235
547 1237 1484 4290

4085
1619




748 1355
1115 3085 4082
1758 4988
4433
545 547 673 2104 2106
2533
2409


1240 1758 4178 4290 4429 4431
559 569 663 2092 2103 4006 4289
622 2681 4428
684
4294
580 621 2414 2415 2686 2687
1122 2419 4433 4767
558 671 748 826 915 1121 1761 1923 4021 4087
554 1922 2683
532 1757 4433

3821
1240
1489 1758 2412




1479 4594
1360 1922
551 910 1112

2414 4017
3085
4015
556 1114 1116 1617 1757 2107 2108 4081 4432
550 558 670 906 908 1483 1485 1917 4290 4592
544 1117 1240 4088
1115 1241 1353 1617
746 1481

567 1239 1486

4294
1920
1766



1116 3084
1485 4018 4599
613

1759 4019
673 1757 2685 4084 4432
603 818 2531 2680 2897 4009 4761

592 2103 4596
557 2106 4293

4292

551 2896


673 1484 1921 2898 4167 4179
2410
3083
550 1612
1358 1485 1617 3085 4764



1919 4014
552 740 1484 1618 1756 2897 3081 4288
549
537 564 609 612 673 739 749 1239
674 2412
557 685 750
612 1242 1244 2531 4182 4766
602 1015 1924 2535
323 552 677 913 2412 2903 4015 4596
547 1615 4009
1012 1358
1015



1489
1241 3085


1111
1620
3084 4020
661
660 822 1011 1013 1357 1486 1487 4289
906 1008 1240 1360 2686 4017
4765
2108
1009 1755
660 822 907 1115 1240 1616 2266 2413 2416 2686 3086 3087 3088 4081 4083 4178 4767 4768
2683


1357 3087


912 1616 2684 2901 4177
1920


1485 4759
668 1485 3086 4012 4083
549
555 2683

2901


2531 2680
536 3823 4083


4011
4181 4763
2686
2901
2683 3821
2680 4008
1490 1754
748




3821

2413
4761
4180
560 623 665 912 2895 4016
543 671 746 913 1361 1922 2684
611 749 902 3087
676 1017 2413 2414
552 674 738 4015
546
548







542 4767
1242 1751 2103
672 744 1478 4592
542 1480 1620 2899 2900 4019 4179
544 821 1616 1921 2106 4178 4291
552 670 1241 1356 2413 2533 4013 4014 4293 4434 4435 4766

2901

4080 4177 4210
1010 1118 1237 1756 2105 2108

2310 2897 4766



907
746 827 4433 4763

2680 2900

4763


549 1240



618 4286 4590
1755


613 1239 4081

549 619 2688 4595
536 904 1613 4012 4080 4087
558 737 1110 2679 4180

2683
675 2532 2899 4431



2535 4292
2414
535 915 2413 4292
536 1357 2687 4010
1241 2687
4014
912 1619 2410
323 547 829
557 2686
613 1120 1923
556 673 753 828 830 1014
674 676 751 3086 4091
547 554





1235 1483
819 1006

4179
671 752 2680 2895
820 4015
1486 4291 4292 4593
546 819 2414 2686 4014 4289 4769


2901 4597
4083
2417 2686 3085 4017 4176

2680
533 679 908 1238 2104 2105 2412 2530 2896 2899 4176 4430 4431 4594

563 1238 2105
597 4433
616 1116
546 572 629 2681 2684 4084
2103 3086

547 564 670 681 742 745 823 1007 1106 1913 2678 4079 4594 4756 4763
1116
2656
1240
2104 4017
4085

2901


911 1240 1617

559 1009 2655 4175
4005
1489 2412
558
2412
2105
749 1758 1918 4594
4288

3433


561 603 2107 2533 4010

1619
623
2687 4014

1116 4010 4011
2898
1012 1758 2899
829 4083 4089 4431



603
4288


547 565 659 1613 1615 2104 2409 2897 3079 4762
610 827 904 1009 1614 2267 2408 2527 4429 4591 4763
1236 4079 4173 4285 4590
4069
741
739 1237 2895
2684 4175 4431
552 559 671 742 743 821 829 1922 3085 4013 4180
2108

819 909
2530 4433
549 1007 1352 4284 4430
544 1475 2412 4080 4428

575 668 1114 1755 2105 2106 2412 4081 4290

563 745 919 1006 1014 1116 1123 1490 1612 2105 2416 2900 2906 4019 4085 4179 4180 4292 4293 4590 4762
822 2900 4012 4290


548 584 680 4009 4761
3084 4008
556 678 830 912 1484 1920 2534 2683 2900 4179 4291 4431 4762

2680
549 1239
548 552 744 1116 2683 2900 4179
1241 4433




546
602 824 1002

553 2409 4175
4086
4081

548 611 613 1239 1240 2684 3083 4434
910 1618 1757 2102 3082 4428
1482


322
1619 4764
613 1758
1921
1486 2106 2897
1485 2681
1245 4288
621 670 828 915 1241 1359 1360 1487 1620 1758 2900 3084
546 1242 2535 4595
670 828 1012
1242 4179
1115 1486 1490 2684
613 1615 2900
674 4010
2106 2684 3082 4179
545 819 4079 4762
540 1112 1237 1355 2102 2896 4428
566 668 2680 4067
1355 2894 4013
621 740 4080
533 904 910
749 915 4288
1360
613 739 915 1921 4435
822 1121 4178 4179
659 1759 4595
546 1118 4292 4596
754 907 1360 4015 4017
1011 1754
1923
619 917

2104 4590
659 1235 4081 4594


549 551 555 597 684 814 827 905 919 1006 1116 1117 1123 1236 1353 1355 1489 1612 1921 2104 2416 2528 2530 2534 2900 4020 4085 4179 4180 4292 4756
627 677 745 911 1014 1123 1124 1484 1920 2531 3086 4083 4090 4177 4429 4431 4438 4590 4770
2412 4080 4593

1614
2104
4594
564 592 1116 1354 1482 2103 2674 4081 4287
548 611 623 1239 1917 2681 4175 4426 4428 4590
601 667 1005 1117 1481 1483 1613 4080 4178

2655

1614
538 563 603
3433
1489


1233 1238 4008
4290
547
562
539 553 1485 4008 4010
539 555 1920 1921 2413 4179 4431 4763
550 1238 1355 2102 4011 4081 4430
1757


825
4292
561 674 1123 4010
622 823 1013 1757
546 547 554 1011 2411 2412 3083
564 739 826 1013 1359 1921 2106 2527
746 1118 1122 1479 1485 1618 2531 2534 4172 4180 4285

826 1877 2539 4180
547 829 1360 1620 2108 2900 4015 4293 4592
554 555 739 1015 1118 1488 1758 1921
613 625 674 915 1359 1617 1759 3084
1006 3082 4086

1011 2105 4590
739
659 1612 2530 2680 4009 4012 4172 4286
533 541 545 740 1119 1616 3085 4014 4175 4436 4766
748 827 1241 1243 2533 4292
542 657 1012 1356 4180 4288
550 2109 4068 4182
752 915 2413 4011
545 555 672 3086 4015 4766
818 821 1017 1119 2898
752 755 4013 4070 4431
659 1486 4289 4594
550 4596
752 754 4768
553 4436
744 3085 4082 4429
618
555 563 592 613 621 658 670 743 1116 2409 3081 4012 4432 4433 4594 4764
1485 1617 4764


551 684 1006 1237 2530 2534 4009 4292 4433
551 565 584 603 612 613 622 689 743 824 914 1007 1024 1114 1235 1237 1351 1757 1919 1920 2103 2531 2682 2898 4028 4082 4289 4290 4430 4763
2674


670 3821

614
556 2101 2531 4082 4289
674 748 816 1013 1920 4011 4590



824
538 911



544 823 1232
673
531 737


2899
675 2407 4083
556 826 2105 2683
1241 2412 2533 4434
3079
739 748
1618

740


1117

4012 4172

554 1758 4012
1922
1110 1356 1487
2532
603
915
1920
3079 4761
543 550 562 670 1008 1235 1480 1613 1756 4078
534 821 912 1240 4011 4012 4289
745 1488 1620 1760 1923 2107 3084 4293
4086 4434
1241 1359 1922 4289
666 1239 1242 1357 1485 1920 2532 2534 4083 4292 4593
667 1121 2685 2686
552 623 1010 1616 4430 4763
547 1616 4082
4292
536 741 1354 2901 3086 4016 4018 4019 4081 4431
535 546 672 745 754 827 830 1010 1240 1616 1922 1923 2413 2538 2903 3086 4014 4016 4088 4179 4429 4592 4595 4597 4598 4766 4767 4768
551 671 1012 1359 1484 2108 2109 2414 2686 4596 4597
548 645 822 1008 1239 4175
622 817 1012 1920
2107


612
548
671

1234 1754
543 592 623 1610 2410 2412 3082 4287 4426
823 2895










740 2102 4176
1357 1615 1918 2899 3083
2101 4589

1352 4753

546
665 1356 1358 1758 2103 2408 2682 3082 4083 4084 4289 4429 4595 4761
1919 2685 4593
553 749 1116 4081
669 1485 1617 1921 2410 4008

1116 1478 4009 4760
739
531 1359
4760



4007 4761
544



604 1922
1018

2531
2898 4594
549 2101 4295
551 612 1115 1619 2413
1759
1756 2687 4010
542 544 551
1013 1617 2531 2683 4178
1116 2655 4292
1608 4432
549 554 555 667 671 672 681 906 1755 4289
552 750 4290
1008 3087 4084 4179 4181
615 680 912 1118 1120 1489 1759
1116 1243 1760 2688
1115 1616 2410
533 2108 2684





552 4288
680 1755 4590
1916
614 680 1915 2899 4170 4763
555 669




4081
1915 4429
2266
2101

669 1112 1612 2898
822
603 4289


824 1115 4593
1112 1612 1757 2681 4007 4178
739 747 1006 1352 1756 2409

911 1918 2410 4007 4433
547 1013 2685
2105 2414
4426



2106 4011


543 1236 4081
1113 1236 4079

553 2898



2105
672
3821 4430

4288
2534

553 667 1013 1360 2105 4593
822 1115 1239 2410 2895 3085
2656
537 4172
752 1009 1615 2898 4015 4181 4183 4595
546 670 743 829 1232 1241 2108 2414 2685 3088 4019
828 829 911 1486 1759 2108 2900 2902 3084 4082 4176
681 745 1356 1361 1618 4082

1486 4179

595 826 1115 4015
540 4011 4427 4591
1751

550 680
4293 4589
584 670 4432
546 1001 1354 1477 2414 4010 4291
2098 2413 4011
548

1355

4081
553 4081
1353
591 1611 1751 4170 4587

1355 2411
2898
538 544 904 4286
612 2266 2409 2410 4289
1878 4007
1614 2681
906 1481 4176
4757
598




1480 4288
666 2530 4174
2102 4006


544 1609 4758 4759
901 1756 3080 4009
1115 4585


2411 4009
907
908 4010


4593
2898
4762
541 3082 3823
1489


1748 2101
323
4014
2678 4015 4083 4595 4762
536 914 1241 1360 2686 2899 4018 4086
742 828 1008 1240 3087 4014 4081 4592 4769
661 1356 1487
542 816 1011 1013 1241 1242 4764
904 1010 1114 1238 1615 1753 4078 4590
532 667 1356 2527 4174








4429


4599
1916
1231 4286



540 740 1342
1101 1482
1100

4082
541 1005
739 1479 4432 4595
1618 2410 4005 4006 4081
1112

539 822 1009 1615 3081
559 586 756 908 4079 4173
2900

910
1011 1230 1351
2528
547 1003 1478

4425
541
672 738
901 2529 2685 2894 4004
2408 2679 4180
4286
546 4011
2410 2681
672


2682
2681
739 4009 4178





1108 4180
660 1230 1616
2521 4177 4286
1618 1760 2107 2415 2417 2895
546 672 806 820 1243 1355 1617 1758 2411 2414 2533 2535 2684 3085 3088 4083 4084 4085 4089 4767
541 1118 4014 4015 4591 4597 4766
550 1483 1619
655 2410
1613 4591
908 4179


549 819 2900

4011

574
1114 1615
679 3082 4175
2655

4588
2103

3821

602 4176
1006

544
2412 4429
2411
2684 4080 4081 4293
825


597
4079
744 3080
3821

734 1358 1611 1618 2676 2900 3078
549 1003 1115 1240
1002 1013 1233 1920 2408 4423 4759
1758
2528 2894
1752


2655
1109 1614 2680 4078 4180 4428
544 1352 2101 4077
746 4172 4173
537 814 1114 4005 4590
1112 1356 2102 2529 2679
823 1236

817 1754 1918 4080 4591
1354 1482


2655
2409 4187

3083 4423
1006 1475 2521
4017
1923 3085 4085 4179 4182 4294 4433 4767
660 912 1116 1358 4293 4596 4599
907 1011 1119 1490 2689
1487 2515 4764
2408 3821 4171


742
611 1239 1754 4427
554 664 1758 1913 2685 4082 4588

743 2412 3044
2412



547 3082
1351 1754 4009 4080 4175
2895 4286


2101 2409 4007

672 2410
532
548 748 1612 4174 4432
669 1480 1919
1110 1754 1918 2408 2681 4175 4591
544 547 824 1113 1230 1478 1614 2101 2530
543 669 1003 2410 2679 4759
538 2677 2893
4426





538 2534
2898 4010 4594
671 1002 1233 2099 2105
545 2894 3082 4011 4075 4593
537 542 2100 3080 4006
529

1006 4588

738
537 815 817 910 1358 1756 4006 4594 4762
323 542 2411 2892 2895 3076
323 1480
668 917 1003 1353 1753
545 616 4007
543 1114 1351 2531 2895 4013
545
528 662 671 736 907 1236 1347 1358 1482 1752 1755 2682 4008 4076 4429 4592 4594
1914 2528 3078
1108 2409 2678 4013 4280
1232 1612 4008 4426 4587
2894
1006





2685
544 1489
1351 2409 2518 4297 4433
549 663 737 745 1226 1340 2413 2892 4013 4076
540 2100 4595

738 1695
548 560 574 602 1482 3081 4279 4762
908 1004 1116 1485 2532 2678 3086 4081 4173 4767


4173
4760
2680

547 670
580 582
4425



536 545 547


2105
546 1613 2410
739 819 1234 1483
670 672 1114 1356 2410 3079 4007
545 679
1005 1352 1916
1914 2099 4173
614 4003
1610 4586


4759
1921 2410 4012
1006 1481
536 538 545 736 815 1111 2105
748
545 1480 2893 4586
1598 2101


539 1752

603 659 1012 1116 1239 1753 2105
823 2410 2411
2105 4171 4290
616 4593 4761
746
3082 4068 4171
2899
659 909 1921 2106 2410
616 670 1109 1233 1916 2684 3081 4011 4012 4013 4179 4432 4761 4763

1481





2680 3044 3081
547 1480 1752 1916 2103 2408
743 822 2676 4011
1239 1921 4595

543 1004 1921 3082 4589
1109

605
655 2524
547 3086 4013 4014




545 4426
2681 2897 4759
1112 4009

1613




533 538 543 724 897 1480 2105 2405 2522 2820 4157 4254 4744


542 1917 2406 4745
1616 4290
909 1010 1756 4007 4761
548 4424

545 549 1480 2530 4008
823 2407
4007
1354
1238 1353 4759

1757 2105 2411 2537 2899 4760
2895 3081
1357
901
902



736 901 1003 1232 1610 4171 4284
1752 4290
908 1004 1483
548 1618 1753 2901 4593
1005 2685 2898 4011 4012

669 2102 2407
547 1108 4007 4759
530 2410 2411
539 1483 2682 3083
1619 4010 4056 4292




546 1227

549
2102
4077 4173
1480 1921
738 1472
1098 4013
544

3084
1238




2100 2531 4590
536 581
1611

544 4757
663 904 2679 3081 4589
543 741 1478



1618
1922 2411

533 549 4002 4009
554 680 750 1238 4002
536 611 669 1353

1480
745 3079
2899
4005 4083 4759
1010 1239 1920 4004
909 2409 2539 4287 4591
539 544 752 824 1237 1919 2103 2104 2405 2683

532 534 4012 4081 4761
545 603 911 2899 4431
1610

1751 2892



541 546 815 1107 1351 1916 2406 4006 4074
611 659 3082 4283 4756
538 541 743 907

4010


541 2678 4008
4592
2411 4009 4012 4013 4079
2534
540 4078 4760
664




2102 2408

541 2105 2411 4077 4291
1483 2104 4011
821


4762

3083




603

821 1006 3081 4174 4588


571 730 2094 2100 4760
535 995 2099 2408 2678
563 2099 3084
1479 2411 2898 4291
4284 4426


539 1010 2411
534 538 558 732 824 906 4178
545 907 1355 1612 1615 2680 4288 4590
824 4428
2411
547 2408
610
543
546 3081
2534 2680 4004
559
907 1009 1112 1353 1482 4586 4592 4756 4759
734 2680 2890

1115 4760
1010 1489

2526



3079
530 1113 1233
1752 2099 4284
1236 1610
736 1481 1615 1918 1921 2682
537 738 1237 2530 3082 4174
1755 2409
659


1611
538 544 2101
544 617 747 1115 1481 2103 2105 2407 2409 2531

2400


2895
544 549
553 4177
546 1115 4430
1483 1756
1356
1348 1911 4012 4286
538 1614 2411
540 743 2410 2684 4594
532 554 1483 4012

2412 4766



1750
2411




546 899 1006 1232 1916 2405
572 4008

4008

544 1233 2898
743 2102 2681 2682 4156 4584 4589 4753
1111 1480 1613 1754 2897 4002 4007 4428 4430
675 906 1482 1917 2101 2678 2680
3081




1357
1753
619
609 1109 1911 3044 4421
748 2097 2405 4591
1231 1610 1754 2680 4762
2409 4759
4010

822





539 1481
821 1113 1235 1236 1354 1754 2102 2896 4008 4286 4287 4591
1115 3081 4066 4173
1354 1918 2104 2105 2897 4174 4178 4760
538 1616 1617 3066 4008 4430 4593 4762 4763
738 4179
4013 4078
1915
2104 4591
527 607 1538 2400 3079 4286
544 748 2680 4076 4168 4429
814 4581 4584


2678 4169

4595
552 667 2412 4177
4014

739 2104 2526
548 605 899 1112 1352 1476 1752 1754 2409 2520 2898 4075 4174 4176 4283 4428 4430

4764
2412
4765


546 555 903 1107 2895

2095


537 547

1236 2680 2897

545 751
537 2895
4007
543 555 1475
1006 2896 3079 4002 4174 4290 4584
542 545 608 668 732 906 1237 2897 3079 4080 4081 4175 4282 4429
905 1354 1615 2525

541
537

668 1613 1916 2266 2407 4425 4757
1117 3079 4068
1230

540 1228 2405 2410 2411 2671 4009
1610 2408 4170 4283 4600
544 735 736 738 746 813 823 1002 1478 1479 1758 2681 3082 4759 4761
1349 3079

540 545 1751 2100 4424
569 610 908 1009 2407 3078 4425 4988





541
664 1008 1112 1480 4169 4428
621 1236 2104
823 908 1756 2898 3082 4081 4176 4429
530 545 607 739 818 1356 2100 2410 2411 2681 3083 4012 4013 4079 4080
540 1611 2101 4011
1611 2410


539 997 1113 1349 2406 2506 4288
900 1006 1615 4009 4010 4012
907 2100 2892 4066
1108 4067 4598 4760





665 4012 4013 4178

818 4287
664 812 1008
1609
538

3083 4013 4288



582 1610 2526 2895 4172
544 662
903
2896
1115 4757



750 2678 4288
553 2529 3078 4001 4173 4285 4428 4754


2100
678 2103 2896 4010
550 4000 4177
1121 2093 4002
1340 1490 3066 4746
548
2098
544 667 743 1109 1231 4007 4755
541

542
539 3080
532 540 550 615 3081 4004
1119 4009
542 2102 4591

547 2099 2406




2674


1353
538 540 547 548 1004 1106 1750 1913 2684 3076
672 1919 2531
542 546
557
666 738
3082


547 1921 2685 4594
1483
4068 4762
2099

549 1611 4170
4013






1480 4009
2412 3083 4590
737 1911 4077

544 4009
4009
4284
4077


546 671 823 1353 1751 2408 2410 2678 2895 4290 4587 4757
667 908


678
1608 1918 2097 4424


533 546 4175 4757
657 905
4005 4174
1233 4588
2410
669 670 4070
1003 3066
2889
1751 2406
1009
1478 4006 4757
2407


668
2530
533 1001 1106 1913 2676 4006 4008 4591


1917
3081 4592

541 2530
4009
538 1231 1234 1916 4585


4172


2896 4077 4427


535 551 2410
2102 3083
2409 4012 4590
543 546 4012 4013 4762


4013 4285
1756 2105 4012
555 1008 1915

1003 1230 1749 1914 4012 4587
901 2525 4428
664 1225 2098 2519 4276
544 727 737 1472 1601 1746 2409 4172
540
545 2411 2529 2679

544


1916
2896
536 2894





536

2678
1612
1111 1228 1753
1916 2410
1479
543 4759




1477
736 814 4587
665 1351 2407
549

4005
572 2884 4011
535 538 539
545 1353 4007 4008
1005
4006 4587
4002
525 543 4760
2399
547
2098 2679
902 1913 2410


1751 1914 2406 2525 4760
1348 1611



4014
675

550
740 1356 2409 2528 4077 4279

1490 4763
1237 2410 2680
533 538 897 1009 1108 1610 1915 2519 2892
655 902 1480 2520 2681 4175
1232 1350 2894
2679
1473
736 2409 4074 4286 4589
1110 1222 1913 4176 4424 4763
739 1608 1754 2413 3084 4014 4016 4286


819 905 3081 4008
1915 2895
1109 4080 4210
539 1916 4077
542 664 896 1475 1748 2672 3071 3079 4006









1006
1352 4005 4427
2530 3080 4760





601 736
1349
1611
2888


910 1477 2674
812 2409
2893
540 1477 2096 2682 2893
532 2878 4005
559 734 2668
897 1110
665 2098

3078
1103 4581
542

539 540 545 661 4007 4426
535 1002 2101 3082


541 818 1612 1746 2102
4174


535 538 1106

1356 1746 2682

1236 2683
540 545 654 673 819 907 1112 1235 1354 1481 1917 2105 2409 3078 4760
606 738 739 1110 1234 2104 4077 4170 4287



738
2678 4176
2411

4759

546 554 572 600 671 819 905 1609 3081 4007 4081 4175 4427 4588
538 581 590 668 1004 1105 1479 2399 2819 2895 4005 4380 4423 4578 4733 4754
2409







2096
544 824

1352 4427
4078
539 742


533
544


2403 3078
2093 4418
538 812 1473 4753
4280
4006
742 1103 1477
541 733 734 1229 2888 3075 4066 4420
2097







537


1347
545 4010
4076

1104 3076
1229



905 1613 4013


4763

1237 4593
908 4012
4014

1349 1473 2101 4076 4426

2412 4176

4009 4590

3083
662 738 4081 4590



713 1718 3997
902 1478
4171
4168

904 4006
4599

818 3074
539 666 905 2409

3082

545



2674 4172
4758
541 2895
1745


1474 2673
2096

1916 2100 3079
550
4009
4009




1348
738
543 4075
546 1609 4010 4011 4288
2517 4168
4271
2895 3074
545 546 2891
4168

2410
4176



3083




2100 2677 4588
1225 2894 4013 4764

2679 2898
891 4760
4758

539 1234
2677 2680
819 1916
545 740 1111 1232 1234 1351 2672 4428
1107 1750 4284 4751
1231 3080
1476 2097 3078 4283 4754



1107 4005 4006 4076
539 543 666 907 1008 1912 2102 4010
745
675 905 1100 2890 4174
4288




4006 4007

542 3076

667
537

1112 1236

669
542 4010 4067 4172 4587
1477






1479 4008
541 550 664 672 1004 1107 2405 2407 2524 2683 3077 4170 4284



1346

905 1112


2101



4764

2892






4010
4173
544 666 817 2102 4757


4009
1002 1751 2409 2528
608 1106 1347 1915 1917 2527 2680 2894 4076 4173 4285 4425 4586 4750 4757
542
616

4007
535

817 1750 2096
1236 2408 2528 2682
1007 1100 1236 1353 1355 1748
594 1920 4008


1611
2677 4173
1475 2655
1916 2406 4007 4280
2405

1348 4007
1913
539 544
2893 4589
1349


4008
538
2895

810
654 2674 4007
726 2519
4578 4586 4761
1233 4758
821

737 2102
1915

549 904 4285
539 590 597 738 1234 1338 1346 1600 2525 2893 3079 3080 4007 4171 4173 4281 4426 4588 4742 4762
802 1005 2517 3081 4074 4400
4073 4426 4587
4761


1469 2409 2514 2891 3082 4012 4761
4075
1610 4076







2899 4423 4759
544 2894 4587
1612 2266
1748 2894
545 1611 2894
1108 1915 3079 3080
2409

2409 2675
1609
543 665 737 1105 4004
815 1343 1475 1608 1911 4004
4081
2894
4427
742 1354 1613 2103 4004 4007 4291 4592
532 545 1112 1337 1353 1614 2401 4079 4081
544
547

733 1350 4002 4425 4756
534 1751 2097 4423 4581
542 817 2402 4068
4428
1612

2404
535 1475

2406
530 547 1013 1118 1358 2408 2680 2893 2897 4175 4591
679 4008 4009


812
1007


533 1231 1476 2097 2403 4168 4171 4416 4581 4751
550 727 1906
605 662 1913
1230 2098 2888 4169


1479 3079




1480
606



4590

4427 4764
4593






553 602 619 664 670 902 1007 1235 1481 1610 2526 2532 2677 2893 2894 2899 3080 4082 4172 4285 4291 4423 4430 4759
665 2673
1753
544
818 2895 4004
1755
538
999 2669
900 1228 1473 2406 4751
816 1222 2088 4004 4168 4416
610 2675
737 1612 2094
2525 3075 4003 4427
652 655 738 815 2406 2529 2679 2896 3998 4000 4073 4583 4585 4750
662 993 2680 2896
1604 4166
2898 4176


535 819 1352 1915 2099 2894 3079 4005
2407 4586
737 1003 1231 2405 2527
542 548 607 902 1610 2097 2403 2891 4284
732 4589
4176



1347
4286
2098 4425
4433
4425
535
4284
804 2889
542 658

727 1603 2094 4068
539 812 2100 4008

4424
2392












1607 2522

614 1235 1468 1907 2100 2410 2675 4012 4173 4174 4280 4427 4588


1100



548 554 666 670 906 1007 1112 1234 1354 1481 1610 1614 4007 4082 4291 4430


4008


2408
537




536 819 2099 2520 2529 3078 4009
1003 2676 4175
1108 2101 2528 4005
545 4001


1610 2676
532 2407 2528 2894


711 1234





529 1749
4066
542 548 1105

2894
537 1005 1344 2520 3076 4280 4419 4757
4155 4170

540 2889
542 4011 4423
4583



664
4010

1600 4583




4072




2675 2894
2409 4423
1235
541







2896
538 558 1612 2896 4006
542 555 1352 2103
4005 4426
2409 4006

1910 2409 4078 4753
542 808 4005 4417
1337 4008
540 592 667
4172 4284
1749 2528 4009
2409 2892
557 4008

1228
542 599 608 818 1107 1229 1230 1476 1610 1750 1913 1914 2098 2404 2526 2528 2674 2675 2893 3075 4009 4068 4423 4424 4585
537 541 665 1003 1110 1349 2402 3074 4005 4078 4752
735 1480 4069
543


4421
543 4007
1608 3076 4286 4756
536 811 3079 4006 4008

541 666 2405 4007
734
1607 1748 4005
2405 4008
2407



1232 2100

1908
531 2097 2519 4008

811 1346 2889 4073
663 731 736 818 900 1006 1749 1913 2405 2522 4588 4755
534 538 557 598 614 664 665 737 739 740 899 1000 1234 1470 1478 1604 1609 1752 1915 2099 2405 2894 3076 4065 4075 4281 4425 4587 4589
663 2101 2676 2678 2891 4072

2408 2526 4070 4760
546 555 605 664 1235 1612 2100 2101 2408 2678 3080 4010 4173 4284 4426 4588 4761
1352 1752 2893 4009 4011 4072 4427
4762



2958
4762
538 542 546 666 899 1607 1748 2100 2409 2519 2529 2673 3081 4012 4171 4763
541 812 1106 1472 2676 2894 4170


1226 1341 1911 2100 2893 4013 4281 4588 4763
543 4426
712

































































